MeshVersionFormatted 1
Dimension 3
Vertices
125
-0.49966437482065917 -0.49961937182326294 -0.49967352653525565 0
0.49957018191287317 -0.49961937182326294 -0.49967352653525565 0
0.49957018191287317 0.49961518491026941 -0.49967352653525565 0
-0.49966437482065917 0.49961518491026941 -0.49967352653525565 0
-0.49966437482065917 -0.49961937182326294 0.49956103019827669 0
0.49957018191287317 -0.49961937182326294 0.49956103019827669 0
0.49957018191287317 0.49961518491026941 0.49956103019827669 0
-0.49966437482065917 0.49961518491026941 0.49956103019827669 0
-4.7096453893002987e-05 -2.0934564967656222e-06 -5.624816848948111e-05 0
-0.49966437482065917 -0.49961937182326294 -5.624816848948111e-05 0
-4.7096453893002987e-05 -0.49961937182326294 0.49956103019827669 0
-0.49966437482065917 -2.0934564967656222e-06 0.49956103019827669 0
-4.7096453893002987e-05 -0.49961937182326294 -5.624816848948111e-05 0
-0.49966437482065917 -2.0934564967656222e-06 -5.624816848948111e-05 0
-4.7096453893002987e-05 -2.0934564967656222e-06 0.49956103019827669 0
0.49957018191287317 -0.49961937182326294 -5.624816848948111e-05 0
0.49957018191287317 -2.0934564967656222e-06 0.49956103019827669 0
0.49957018191287317 -2.0934564967656222e-06 -5.624816848948111e-05 0
-4.7096453893002987e-05 -0.49961937182326294 -0.49967352653525565 0
0.49957018191287317 -2.0934564967656222e-06 -0.49967352653525565 0
-4.7096453893002987e-05 -2.0934564967656222e-06 -0.49967352653525565 0
-0.49966437482065917 -2.0934564967656222e-06 -0.49967352653525565 0
-4.7096453893002987e-05 0.49961518491026941 0.49956103019827669 0
-0.49966437482065917 0.49961518491026941 -5.624816848948111e-05 0
-4.7096453893002987e-05 0.49961518491026941 -5.624816848948111e-05 0
0.49957018191287317 0.49961518491026941 -5.624816848948111e-05 0
-4.7096453893002987e-05 0.49961518491026941 -0.49967352653525565 0
-0.24985573563727609 -0.24981073263987985 0.2497523910148936 0
-0.49966437482065917 -0.49961937182326294 0.2497523910148936 0
-0.24985573563727609 -0.49961937182326294 0.49956103019827669 0
-0.49966437482065917 -0.24981073263987985 0.49956103019827669 0
-0.24985573563727609 -0.49961937182326294 0.2497523910148936 0
-0.49966437482065917 -0.24981073263987985 0.2497523910148936 0
-0.24985573563727609 -0.24981073263987985 0.49956103019827669 0
-4.7096453893002987e-05 -0.49961937182326294 0.2497523910148936 0
-4.7096453893002987e-05 -0.24981073263987985 0.49956103019827669 0
-4.7096453893002987e-05 -0.24981073263987985 0.2497523910148936 0
-0.24985573563727609 -0.49961937182326294 -5.624816848948111e-05 0
-4.7096453893002987e-05 -0.24981073263987985 -5.624816848948111e-05 0
-0.24985573563727609 -0.24981073263987985 -5.624816848948111e-05 0
-0.49966437482065917 -0.24981073263987985 -5.624816848948111e-05 0
-0.24985573563727609 -2.0934564967656222e-06 0.49956103019827669 0
-0.49966437482065917 -2.0934564967656222e-06 0.2497523910148936 0
-0.24985573563727609 -2.0934564967656222e-06 0.2497523910148936 0
-4.7096453893002987e-05 -2.0934564967656222e-06 0.2497523910148936 0
-0.24985573563727609 -2.0934564967656222e-06 -5.624816848948111e-05 0
0.24976154272949008 -0.24981073263987985 0.2497523910148936 0
0.24976154272949008 -0.49961937182326294 0.49956103019827669 0
0.24976154272949008 -0.49961937182326294 0.2497523910148936 0
0.24976154272949008 -0.24981073263987985 0.49956103019827669 0
0.49957018191287317 -0.49961937182326294 0.2497523910148936 0
0.49957018191287317 -0.24981073263987985 0.49956103019827669 0
0.49957018191287317 -0.24981073263987985 0.2497523910148936 0
0.24976154272949008 -0.49961937182326294 -5.624816848948111e-05 0
0.49957018191287317 -0.24981073263987985 -5.624816848948111e-05 0
0.24976154272949008 -0.24981073263987985 -5.624816848948111e-05 0
0.24976154272949008 -2.0934564967656222e-06 0.49956103019827669 0
0.24976154272949008 -2.0934564967656222e-06 0.2497523910148936 0
0.49957018191287317 -2.0934564967656222e-06 0.2497523910148936 0
0.24976154272949008 -2.0934564967656222e-06 -5.624816848948111e-05 0
0.24976154272949008 -0.24981073263987985 -0.24986488735187257 0
-4.7096453893002987e-05 -0.49961937182326294 -0.24986488735187257 0
0.24976154272949008 -0.49961937182326294 -0.24986488735187257 0
-4.7096453893002987e-05 -0.24981073263987985 -0.24986488735187257 0
0.49957018191287317 -0.49961937182326294 -0.24986488735187257 0
0.49957018191287317 -0.24981073263987985 -0.24986488735187257 0
0.24976154272949008 -0.49961937182326294 -0.49967352653525565 0
0.49957018191287317 -0.24981073263987985 -0.49967352653525565 0
0.24976154272949008 -0.24981073263987985 -0.49967352653525565 0
-4.7096453893002987e-05 -0.24981073263987985 -0.49967352653525565 0
-4.7096453893002987e-05 -2.0934564967656222e-06 -0.24986488735187257 0
0.24976154272949008 -2.0934564967656222e-06 -0.24986488735187257 0
0.49957018191287317 -2.0934564967656222e-06 -0.24986488735187257 0
0.24976154272949008 -2.0934564967656222e-06 -0.49967352653525565 0
-0.24985573563727609 -0.24981073263987985 -0.24986488735187257 0
-0.49966437482065917 -0.49961937182326294 -0.24986488735187257 0
-0.24985573563727609 -0.49961937182326294 -0.24986488735187257 0
-0.49966437482065917 -0.24981073263987985 -0.24986488735187257 0
-0.24985573563727609 -0.49961937182326294 -0.49967352653525565 0
-0.24985573563727609 -0.24981073263987985 -0.49967352653525565 0
-0.49966437482065917 -0.24981073263987985 -0.49967352653525565 0
-0.49966437482065917 -2.0934564967656222e-06 -0.24986488735187257 0
-0.24985573563727609 -2.0934564967656222e-06 -0.24986488735187257 0
-0.24985573563727609 -2.0934564967656222e-06 -0.49967352653525565 0
-0.24985573563727609 0.24980654572688632 0.2497523910148936 0
-0.49966437482065917 0.24980654572688632 0.49956103019827669 0
-0.49966437482065917 0.24980654572688632 0.2497523910148936 0
-0.24985573563727609 0.24980654572688632 0.49956103019827669 0
-4.7096453893002987e-05 0.24980654572688632 0.49956103019827669 0
-4.7096453893002987e-05 0.24980654572688632 0.2497523910148936 0
-4.7096453893002987e-05 0.24980654572688632 -5.624816848948111e-05 0
-0.24985573563727609 0.24980654572688632 -5.624816848948111e-05 0
-0.49966437482065917 0.24980654572688632 -5.624816848948111e-05 0
-0.24985573563727609 0.49961518491026941 0.49956103019827669 0
-0.49966437482065917 0.49961518491026941 0.2497523910148936 0
-0.24985573563727609 0.49961518491026941 0.2497523910148936 0
-4.7096453893002987e-05 0.49961518491026941 0.2497523910148936 0
-0.24985573563727609 0.49961518491026941 -5.624816848948111e-05 0
0.24976154272949008 0.24980654572688632 0.2497523910148936 0
0.24976154272949008 0.24980654572688632 0.49956103019827669 0
0.49957018191287317 0.24980654572688632 0.49956103019827669 0
0.49957018191287317 0.24980654572688632 0.2497523910148936 0
0.49957018191287317 0.24980654572688632 -5.624816848948111e-05 0
0.24976154272949008 0.24980654572688632 -5.624816848948111e-05 0
0.24976154272949008 0.49961518491026941 0.49956103019827669 0
0.24976154272949008 0.49961518491026941 0.2497523910148936 0
0.49957018191287317 0.49961518491026941 0.2497523910148936 0
0.24976154272949008 0.49961518491026941 -5.624816848948111e-05 0
0.24976154272949008 0.24980654572688632 -0.24986488735187257 0
-4.7096453893002987e-05 0.24980654572688632 -0.24986488735187257 0
0.49957018191287317 0.24980654572688632 -0.24986488735187257 0
0.49957018191287317 0.24980654572688632 -0.49967352653525565 0
0.24976154272949008 0.24980654572688632 -0.49967352653525565 0
-4.7096453893002987e-05 0.24980654572688632 -0.49967352653525565 0
-4.7096453893002987e-05 0.49961518491026941 -0.24986488735187257 0
0.24976154272949008 0.49961518491026941 -0.24986488735187257 0
0.49957018191287317 0.49961518491026941 -0.24986488735187257 0
0.24976154272949008 0.49961518491026941 -0.49967352653525565 0
-0.24985573563727609 0.24980654572688632 -0.24986488735187257 0
-0.49966437482065917 0.24980654572688632 -0.24986488735187257 0
-0.24985573563727609 0.24980654572688632 -0.49967352653525565 0
-0.49966437482065917 0.24980654572688632 -0.49967352653525565 0
-0.49966437482065917 0.49961518491026941 -0.24986488735187257 0
-0.24985573563727609 0.49961518491026941 -0.24986488735187257 0
-0.24985573563727609 0.49961518491026941 -0.49967352653525565 0
Hexahedra
64
5 30 32 29 31 34 28 33 0
30 11 35 32 34 36 37 28 0
32 35 13 38 28 37 39 40 0
29 32 38 10 33 28 40 41 0
31 34 28 33 12 42 44 43 0
34 36 37 28 42 15 45 44 0
28 37 39 40 44 45 9 46 0
33 28 40 41 43 44 46 14 0
11 48 49 35 36 50 47 37 0
48 6 51 49 50 52 53 47 0
49 51 16 54 47 53 55 56 0
35 49 54 13 37 47 56 39 0
36 50 47 37 15 57 58 45 0
50 52 53 47 57 17 59 58 0
47 53 55 56 58 59 18 60 0
37 47 56 39 45 58 60 9 0
13 54 63 62 39 56 61 64 0
54 16 65 63 56 55 66 61 0
63 65 2 67 61 66 68 69 0
62 63 67 19 64 61 69 70 0
39 56 61 64 9 60 72 71 0
56 55 66 61 60 18 73 72 0
61 66 68 69 72 73 20 74 0
64 61 69 70 71 72 74 21 0
10 38 77 76 41 40 75 78 0
38 13 62 77 40 39 64 75 0
77 62 19 79 75 64 70 80 0
76 77 79 1 78 75 80 81 0
41 40 75 78 14 46 83 82 0
40 39 64 75 46 9 71 83 0
75 64 70 80 83 71 21 84 0
78 75 80 81 82 83 84 22 0
12 42 44 43 86 88 85 87 0
42 15 45 44 88 89 90 85 0
44 45 9 46 85 90 91 92 0
43 44 46 14 87 85 92 93 0
86 88 85 87 8 94 96 95 0
88 89 90 85 94 23 97 96 0
85 90 91 92 96 97 25 98 0
87 85 92 93 95 96 98 24 0
15 57 58 45 89 100 99 90 0
57 17 59 58 100 101 102 99 0
58 59 18 60 99 102 103 104 0
45 58 60 9 90 99 104 91 0
89 100 99 90 23 105 106 97 0
100 101 102 99 105 7 107 106 0
99 102 103 104 106 107 26 108 0
90 99 104 91 97 106 108 25 0
9 60 72 71 91 104 109 110 0
60 18 73 72 104 103 111 109 0
72 73 20 74 109 111 112 113 0
71 72 74 21 110 109 113 114 0
91 104 109 110 25 108 116 115 0
104 103 111 109 108 26 117 116 0
109 111 112 113 116 117 3 118 0
110 109 113 114 115 116 118 27 0
14 46 83 82 93 92 119 120 0
46 9 71 83 92 91 110 119 0
83 71 21 84 119 110 114 121 0
82 83 84 22 120 119 121 122 0
93 92 119 120 24 98 124 123 0
92 91 110 119 98 25 115 124 0
119 110 114 121 124 115 27 125 0
120 119 121 122 123 124 125 4 0
End

