********************************** N O D E S **********************************
*NODE, NSET=ALLNODES
1, -0.4996643748206592, -0.49961937182326294, -0.49967352653525565
2, 0.49957018191287317, -0.49961937182326294, -0.49967352653525565
3, 0.49957018191287317, 0.4996151849102694, -0.49967352653525565
4, -0.4996643748206592, 0.4996151849102694, -0.49967352653525565
5, -0.4996643748206592, -0.49961937182326294, 0.4995610301982767
6, 0.49957018191287317, -0.49961937182326294, 0.4995610301982767
7, 0.49957018191287317, 0.4996151849102694, 0.4995610301982767
8, -0.4996643748206592, 0.4996151849102694, 0.4995610301982767
9, -4.709645389300299e-05, -2.093456496765622e-06, -5.624816848948111e-05
10, -0.4996643748206592, -0.49961937182326294, -5.624816848948111e-05
11, -4.709645389300299e-05, -0.49961937182326294, 0.4995610301982767
12, -0.4996643748206592, -2.093456496765622e-06, 0.4995610301982767
13, -4.709645389300299e-05, -0.49961937182326294, -5.624816848948111e-05
14, -0.4996643748206592, -2.093456496765622e-06, -5.624816848948111e-05
15, -4.709645389300299e-05, -2.093456496765622e-06, 0.4995610301982767
16, 0.49957018191287317, -0.49961937182326294, -5.624816848948111e-05
17, 0.49957018191287317, -2.093456496765622e-06, 0.4995610301982767
18, 0.49957018191287317, -2.093456496765622e-06, -5.624816848948111e-05
19, -4.709645389300299e-05, -0.49961937182326294, -0.49967352653525565
20, 0.49957018191287317, -2.093456496765622e-06, -0.49967352653525565
21, -4.709645389300299e-05, -2.093456496765622e-06, -0.49967352653525565
22, -0.4996643748206592, -2.093456496765622e-06, -0.49967352653525565
23, -4.709645389300299e-05, 0.4996151849102694, 0.4995610301982767
24, -0.4996643748206592, 0.4996151849102694, -5.624816848948111e-05
25, -4.709645389300299e-05, 0.4996151849102694, -5.624816848948111e-05
26, 0.49957018191287317, 0.4996151849102694, -5.624816848948111e-05
27, -4.709645389300299e-05, 0.4996151849102694, -0.49967352653525565
28, -0.2498557356372761, -0.24981073263987985, 0.2497523910148936
29, -0.4996643748206592, -0.49961937182326294, 0.2497523910148936
30, -0.2498557356372761, -0.49961937182326294, 0.4995610301982767
31, -0.4996643748206592, -0.24981073263987985, 0.4995610301982767
32, -0.2498557356372761, -0.49961937182326294, 0.2497523910148936
33, -0.4996643748206592, -0.24981073263987985, 0.2497523910148936
34, -0.2498557356372761, -0.24981073263987985, 0.4995610301982767
35, -4.709645389300299e-05, -0.49961937182326294, 0.2497523910148936
36, -4.709645389300299e-05, -0.24981073263987985, 0.4995610301982767
37, -4.709645389300299e-05, -0.24981073263987985, 0.2497523910148936
38, -0.2498557356372761, -0.49961937182326294, -5.624816848948111e-05
39, -4.709645389300299e-05, -0.24981073263987985, -5.624816848948111e-05
40, -0.2498557356372761, -0.24981073263987985, -5.624816848948111e-05
41, -0.4996643748206592, -0.24981073263987985, -5.624816848948111e-05
42, -0.2498557356372761, -2.093456496765622e-06, 0.4995610301982767
43, -0.4996643748206592, -2.093456496765622e-06, 0.2497523910148936
44, -0.2498557356372761, -2.093456496765622e-06, 0.2497523910148936
45, -4.709645389300299e-05, -2.093456496765622e-06, 0.2497523910148936
46, -0.2498557356372761, -2.093456496765622e-06, -5.624816848948111e-05
47, 0.24976154272949008, -0.24981073263987985, 0.2497523910148936
48, 0.24976154272949008, -0.49961937182326294, 0.4995610301982767
49, 0.24976154272949008, -0.49961937182326294, 0.2497523910148936
50, 0.24976154272949008, -0.24981073263987985, 0.4995610301982767
51, 0.49957018191287317, -0.49961937182326294, 0.2497523910148936
52, 0.49957018191287317, -0.24981073263987985, 0.4995610301982767
53, 0.49957018191287317, -0.24981073263987985, 0.2497523910148936
54, 0.24976154272949008, -0.49961937182326294, -5.624816848948111e-05
55, 0.49957018191287317, -0.24981073263987985, -5.624816848948111e-05
56, 0.24976154272949008, -0.24981073263987985, -5.624816848948111e-05
57, 0.24976154272949008, -2.093456496765622e-06, 0.4995610301982767
58, 0.24976154272949008, -2.093456496765622e-06, 0.2497523910148936
59, 0.49957018191287317, -2.093456496765622e-06, 0.2497523910148936
60, 0.24976154272949008, -2.093456496765622e-06, -5.624816848948111e-05
61, 0.24976154272949008, -0.24981073263987985, -0.24986488735187257
62, -4.709645389300299e-05, -0.49961937182326294, -0.24986488735187257
63, 0.24976154272949008, -0.49961937182326294, -0.24986488735187257
64, -4.709645389300299e-05, -0.24981073263987985, -0.24986488735187257
65, 0.49957018191287317, -0.49961937182326294, -0.24986488735187257
66, 0.49957018191287317, -0.24981073263987985, -0.24986488735187257
67, 0.24976154272949008, -0.49961937182326294, -0.49967352653525565
68, 0.49957018191287317, -0.24981073263987985, -0.49967352653525565
69, 0.24976154272949008, -0.24981073263987985, -0.49967352653525565
70, -4.709645389300299e-05, -0.24981073263987985, -0.49967352653525565
71, -4.709645389300299e-05, -2.093456496765622e-06, -0.24986488735187257
72, 0.24976154272949008, -2.093456496765622e-06, -0.24986488735187257
73, 0.49957018191287317, -2.093456496765622e-06, -0.24986488735187257
74, 0.24976154272949008, -2.093456496765622e-06, -0.49967352653525565
75, -0.2498557356372761, -0.24981073263987985, -0.24986488735187257
76, -0.4996643748206592, -0.49961937182326294, -0.24986488735187257
77, -0.2498557356372761, -0.49961937182326294, -0.24986488735187257
78, -0.4996643748206592, -0.24981073263987985, -0.24986488735187257
79, -0.2498557356372761, -0.49961937182326294, -0.49967352653525565
80, -0.2498557356372761, -0.24981073263987985, -0.49967352653525565
81, -0.4996643748206592, -0.24981073263987985, -0.49967352653525565
82, -0.4996643748206592, -2.093456496765622e-06, -0.24986488735187257
83, -0.2498557356372761, -2.093456496765622e-06, -0.24986488735187257
84, -0.2498557356372761, -2.093456496765622e-06, -0.49967352653525565
85, -0.2498557356372761, 0.24980654572688632, 0.2497523910148936
86, -0.4996643748206592, 0.24980654572688632, 0.4995610301982767
87, -0.4996643748206592, 0.24980654572688632, 0.2497523910148936
88, -0.2498557356372761, 0.24980654572688632, 0.4995610301982767
89, -4.709645389300299e-05, 0.24980654572688632, 0.4995610301982767
90, -4.709645389300299e-05, 0.24980654572688632, 0.2497523910148936
91, -4.709645389300299e-05, 0.24980654572688632, -5.624816848948111e-05
92, -0.2498557356372761, 0.24980654572688632, -5.624816848948111e-05
93, -0.4996643748206592, 0.24980654572688632, -5.624816848948111e-05
94, -0.2498557356372761, 0.4996151849102694, 0.4995610301982767
95, -0.4996643748206592, 0.4996151849102694, 0.2497523910148936
96, -0.2498557356372761, 0.4996151849102694, 0.2497523910148936
97, -4.709645389300299e-05, 0.4996151849102694, 0.2497523910148936
98, -0.2498557356372761, 0.4996151849102694, -5.624816848948111e-05
99, 0.24976154272949008, 0.24980654572688632, 0.2497523910148936
100, 0.24976154272949008, 0.24980654572688632, 0.4995610301982767
101, 0.49957018191287317, 0.24980654572688632, 0.4995610301982767
102, 0.49957018191287317, 0.24980654572688632, 0.2497523910148936
103, 0.49957018191287317, 0.24980654572688632, -5.624816848948111e-05
104, 0.24976154272949008, 0.24980654572688632, -5.624816848948111e-05
105, 0.24976154272949008, 0.4996151849102694, 0.4995610301982767
106, 0.24976154272949008, 0.4996151849102694, 0.2497523910148936
107, 0.49957018191287317, 0.4996151849102694, 0.2497523910148936
108, 0.24976154272949008, 0.4996151849102694, -5.624816848948111e-05
109, 0.24976154272949008, 0.24980654572688632, -0.24986488735187257
110, -4.709645389300299e-05, 0.24980654572688632, -0.24986488735187257
111, 0.49957018191287317, 0.24980654572688632, -0.24986488735187257
112, 0.49957018191287317, 0.24980654572688632, -0.49967352653525565
113, 0.24976154272949008, 0.24980654572688632, -0.49967352653525565
114, -4.709645389300299e-05, 0.24980654572688632, -0.49967352653525565
115, -4.709645389300299e-05, 0.4996151849102694, -0.24986488735187257
116, 0.24976154272949008, 0.4996151849102694, -0.24986488735187257
117, 0.49957018191287317, 0.4996151849102694, -0.24986488735187257
118, 0.24976154272949008, 0.4996151849102694, -0.49967352653525565
119, -0.2498557356372761, 0.24980654572688632, -0.24986488735187257
120, -0.4996643748206592, 0.24980654572688632, -0.24986488735187257
121, -0.2498557356372761, 0.24980654572688632, -0.49967352653525565
122, -0.4996643748206592, 0.24980654572688632, -0.49967352653525565
123, -0.4996643748206592, 0.4996151849102694, -0.24986488735187257
124, -0.2498557356372761, 0.4996151849102694, -0.24986488735187257
125, -0.2498557356372761, 0.4996151849102694, -0.49967352653525565
********************************** E L E M E N T S ****************************
*ELEMENT, TYPE=C3D8R
1, 5, 30, 32, 29, 31, 34, 28, 33
2, 30, 11, 35, 32, 34, 36, 37, 28
3, 32, 35, 13, 38, 28, 37, 39, 40
4, 29, 32, 38, 10, 33, 28, 40, 41
5, 31, 34, 28, 33, 12, 42, 44, 43
6, 34, 36, 37, 28, 42, 15, 45, 44
7, 28, 37, 39, 40, 44, 45, 9, 46
8, 33, 28, 40, 41, 43, 44, 46, 14
9, 11, 48, 49, 35, 36, 50, 47, 37
10, 48, 6, 51, 49, 50, 52, 53, 47
11, 49, 51, 16, 54, 47, 53, 55, 56
12, 35, 49, 54, 13, 37, 47, 56, 39
13, 36, 50, 47, 37, 15, 57, 58, 45
14, 50, 52, 53, 47, 57, 17, 59, 58
15, 47, 53, 55, 56, 58, 59, 18, 60
16, 37, 47, 56, 39, 45, 58, 60, 9
17, 13, 54, 63, 62, 39, 56, 61, 64
18, 54, 16, 65, 63, 56, 55, 66, 61
19, 63, 65, 2, 67, 61, 66, 68, 69
20, 62, 63, 67, 19, 64, 61, 69, 70
21, 39, 56, 61, 64, 9, 60, 72, 71
22, 56, 55, 66, 61, 60, 18, 73, 72
23, 61, 66, 68, 69, 72, 73, 20, 74
24, 64, 61, 69, 70, 71, 72, 74, 21
25, 10, 38, 77, 76, 41, 40, 75, 78
26, 38, 13, 62, 77, 40, 39, 64, 75
27, 77, 62, 19, 79, 75, 64, 70, 80
28, 76, 77, 79, 1, 78, 75, 80, 81
29, 41, 40, 75, 78, 14, 46, 83, 82
30, 40, 39, 64, 75, 46, 9, 71, 83
31, 75, 64, 70, 80, 83, 71, 21, 84
32, 78, 75, 80, 81, 82, 83, 84, 22
33, 12, 42, 44, 43, 86, 88, 85, 87
34, 42, 15, 45, 44, 88, 89, 90, 85
35, 44, 45, 9, 46, 85, 90, 91, 92
36, 43, 44, 46, 14, 87, 85, 92, 93
37, 86, 88, 85, 87, 8, 94, 96, 95
38, 88, 89, 90, 85, 94, 23, 97, 96
39, 85, 90, 91, 92, 96, 97, 25, 98
40, 87, 85, 92, 93, 95, 96, 98, 24
41, 15, 57, 58, 45, 89, 100, 99, 90
42, 57, 17, 59, 58, 100, 101, 102, 99
43, 58, 59, 18, 60, 99, 102, 103, 104
44, 45, 58, 60, 9, 90, 99, 104, 91
45, 89, 100, 99, 90, 23, 105, 106, 97
46, 100, 101, 102, 99, 105, 7, 107, 106
47, 99, 102, 103, 104, 106, 107, 26, 108
48, 90, 99, 104, 91, 97, 106, 108, 25
49, 9, 60, 72, 71, 91, 104, 109, 110
50, 60, 18, 73, 72, 104, 103, 111, 109
51, 72, 73, 20, 74, 109, 111, 112, 113
52, 71, 72, 74, 21, 110, 109, 113, 114
53, 91, 104, 109, 110, 25, 108, 116, 115
54, 104, 103, 111, 109, 108, 26, 117, 116
55, 109, 111, 112, 113, 116, 117, 3, 118
56, 110, 109, 113, 114, 115, 116, 118, 27
57, 14, 46, 83, 82, 93, 92, 119, 120
58, 46, 9, 71, 83, 92, 91, 110, 119
59, 83, 71, 21, 84, 119, 110, 114, 121
60, 82, 83, 84, 22, 120, 119, 121, 122
61, 93, 92, 119, 120, 24, 98, 124, 123
62, 92, 91, 110, 119, 98, 25, 115, 124
63, 119, 110, 114, 121, 124, 115, 27, 125
64, 120, 119, 121, 122, 123, 124, 125, 4
