BEGIN SCULPT
  nelx = 4
  nely = 4
  nelz = 4
  xmin = -0.500001
  ymin = -0.500001
  zmin = -0.500001
  xmax = 0.500001
  ymax = 0.500001
  zmax = 0.500001
  exodus_file = sphere_exo
  diatom_file = sphere.diatom
END SCULPT
